100
8000

2      3      5      7     11     13     17     19     23     29
31     37     41     43     47     53     59     61     67     71
73     79     83     89     97    101   103    107    109    113
127    131    137    139    149    151    157    163    167    173
179    181    191    193    197    199    211    223    227    229
233    239    241    251    257    263    269    271    277    281
283    293    307    311    313    317    331    337    347    349
353    359    367    373    379    383    389    397    401    409
419    421    431    433    439    443    449    457    461    463
467    479    487    491    499    503    509    521    523    541

1 3 5 8 10 13 16 19 23 26
29 33 36 40 44 48 52 55 59 63
68 72 76 80 84 88 93 97 102 106
110 115 119 124 129 133 138 142 147 152
156 161 166 171 176 180 185 190 195 200
205 210 215 220 225 230 235 240 245 250
255 261 266 271 276 281 286 292 297 302
307 313 318 323 329 334 339 345 350 355
361 366 372 377 383 388 394 399 404 410
416 421 427 432 438 443 449 454 460 466
